char fuckCharArray[86] = {a, b, c, d, e, f, g, h, i, j, k, l, m, n, o, p, q, r, s, t, 
1, 2, 3, , 
, 1, 2, 4, 5, 6, 7, 3, , 
, 8, 3, 5, 7, l, b, 
', g, ;, l, d, l, v, /, c, ., v, l, , 
, °, ¢, Ë, ¹, ¶, Ù, 
½, Ú, ¿, ¨, È, ø, µ, Û, ¾, °, È, ø, ¿, Ë, È, ö, µ, ©, », ú, 
È, ø, ¿, Ë, µ, Ä, };char fuckCharArray[86] = {97, 98, 99, 100, 101, 102, 103, 104, 105, 106, 107, 108, 109, 110, 111, 112, 113, 114, 115, 116, 
49, 50, 51, 13, 10, 49, 50, 52, 53, 54, 55, 51, 13, 10, 56, 51, 53, 55, 108, 98, 
39, 103, 59, 108, 100, 108, 118, 47, 99, 46, 118, 108, 13, 10, 4294967216, 4294967202, 4294967243, 4294967225, 4294967222, 4294967257, 
4294967229, 4294967258, 4294967231, 4294967208, 4294967240, 4294967288, 4294967221, 4294967259, 4294967230, 4294967216, 4294967240, 4294967288, 4294967231, 4294967243, 4294967240, 4294967286, 4294967221, 4294967209, 4294967227, 4294967290, 
4294967240, 4294967288, 4294967231, 4294967243, 4294967221, 4294967236, };char fuckCharArray[86] = {97, 98, 99, 100, 101, 102, 103, 104, 105, 106, 107, 108, 109, 110, 111, 112, 113, 114, 115, 116, 
49, 50, 51, 13, 10, 49, 50, 52, 53, 54, 55, 51, 13, 10, 56, 51, 53, 55, 108, 98, 
39, 103, 59, 108, 100, 108, 118, 47, 99, 46, 118, 108, 13, 10, 176, 162, 203, 185, 182, 217, 
189, 218, 191, 168, 200, 248, 181, 219, 190, 176, 200, 248, 191, 203, 200, 246, 181, 169, 187, 250, 
200, 248, 191, 203, 181, 196, };